    unsorted:	 40.90431213 38.74134628 43.80285649 40.20809304 42.92868562 38.11265220 35.64820451 35.98518094 44.92222471 32.88737013 33.42850395 47.08243060 47.68673644 49.98697736 30.26243123 25.79028248 25.94450263 27.92298336 62.21611160 58.71585101 63.24809789 19.04344913 17.77354559 16.40249495 7.781404673 7.961434173 8.413938377 6.466062614 5.065376177 67.17863344 74.45429890 70.97767921 71.53360494 73.93480587 2.885411744 103.1559690 108.3388709 113.5779296 115.4596939 121.1071990 126.9706521 134.4279072 154.1431534 194.5045929 201.9979810 518.9086816 2380.369221 2845.854594
      sorted:	 2.885411744 5.065376177 6.466062614 7.781404673 7.961434173 8.413938377 16.40249495 17.77354559 19.04344913 25.79028248 25.94450263 27.92298336 30.26243123 32.88737013 33.42850395 35.64820451 35.98518094 38.11265220 38.74134628 40.20809304 40.90431213 42.92868562 43.80285649 44.92222471 47.08243060 47.68673644 49.98697736 58.71585101 62.21611160 63.24809789 67.17863344 70.97767921 71.53360494 73.93480587 74.45429890 103.1559690 108.3388709 113.5779296 115.4596939 121.1071990 126.9706521 134.4279072 154.1431534 194.5045929 201.9979810 518.9086816 2380.369221 2845.854594
