    unsorted:	 0.1886326508 0.03766789214 0.01230640271 2.173772965 5.058893768
      sorted:	 0.01230640271 0.03766789214 0.1886326508 2.173772965 5.058893768
