    unsorted:	 0.4417903130 0.6095529920 2.604140123 11.55839265 1399.251305
      sorted:	 0.4417903130 0.6095529920 2.604140123 11.55839265 1399.251305
